/*--------------------------------*- C++ -*----------------------------------*\
| =========                 |                                                 |
| \\      /  F ield         | OpenFOAM: The Open Source CFD Toolbox           |
|  \\    /   O peration     | Version:  5.0                                   |
|   \\  /    A nd           | Web:      www.OpenFOAM.org                      |
|    \\/     M anipulation  |                                                 |
\*---------------------------------------------------------------------------*/
FoamFile
{
    version     2.0;
    format      ascii;
    class       vectorField;
    location    "constant/polyMesh";
    object      points;
}
// * * * * * * * * * * * * * * * * * * * * * * * * * * * * * * * * * * * * * //


200
(
(0 0 0)
(0.02 0 0)
(0.04 0 0)
(0.06 0 0)
(0.08 0 0)
(0.1 0 0)
(0.12 0 0)
(0.14 0 0)
(0.16 0 0)
(0.18 0 0)
(0 0.02 0)
(0.02 0.02 0)
(0.04 0.02 0)
(0.06 0.02 0)
(0.08 0.02 0)
(0.1 0.02 0)
(0.12 0.02 0)
(0.14 0.02 0)
(0.16 0.02 0)
(0.18 0.02 0)
(0 0.04 0)
(0.02 0.04 0)
(0.04 0.04 0)
(0.06 0.04 0)
(0.08 0.04 0)
(0.1 0.04 0)
(0.12 0.04 0)
(0.14 0.04 0)
(0.16 0.04 0)
(0.18 0.04 0)
(0 0.06 0)
(0.02 0.06 0)
(0.04 0.06 0)
(0.06 0.06 0)
(0.08 0.06 0)
(0.1 0.06 0)
(0.12 0.06 0)
(0.14 0.06 0)
(0.16 0.06 0)
(0.18 0.06 0)
(0 0.08 0)
(0.02 0.08 0)
(0.04 0.08 0)
(0.06 0.08 0)
(0.08 0.08 0)
(0.1 0.08 0)
(0.12 0.08 0)
(0.14 0.08 0)
(0.16 0.08 0)
(0.18 0.08 0)
(0 0.1 0)
(0.02 0.1 0)
(0.04 0.1 0)
(0.06 0.1 0)
(0.08 0.1 0)
(0.1 0.1 0)
(0.12 0.1 0)
(0.14 0.1 0)
(0.16 0.1 0)
(0.18 0.1 0)
(0 0.12 0)
(0.02 0.12 0)
(0.04 0.12 0)
(0.06 0.12 0)
(0.08 0.12 0)
(0.1 0.12 0)
(0.12 0.12 0)
(0.14 0.12 0)
(0.16 0.12 0)
(0.18 0.12 0)
(0 0.14 0)
(0.02 0.14 0)
(0.04 0.14 0)
(0.06 0.14 0)
(0.08 0.14 0)
(0.1 0.14 0)
(0.12 0.14 0)
(0.14 0.14 0)
(0.16 0.14 0)
(0.18 0.14 0)
(0 0.16 0)
(0.02 0.16 0)
(0.04 0.16 0)
(0.06 0.16 0)
(0.08 0.16 0)
(0.1 0.16 0)
(0.12 0.16 0)
(0.14 0.16 0)
(0.16 0.16 0)
(0.18 0.16 0)
(0 0.18 0)
(0.02 0.18 0)
(0.04 0.18 0)
(0.06 0.18 0)
(0.08 0.18 0)
(0.1 0.18 0)
(0.12 0.18 0)
(0.14 0.18 0)
(0.16 0.18 0)
(0.18 0.18 0)
(0 0 0.0216)
(0.02 0 0.0216)
(0.04 0 0.0216)
(0.06 0 0.0216)
(0.08 0 0.0216)
(0.1 0 0.0216)
(0.12 0 0.0216)
(0.14 0 0.0216)
(0.16 0 0.0216)
(0.18 0 0.0216)
(0 0.02 0.0216)
(0.02 0.02 0.0216)
(0.04 0.02 0.0216)
(0.06 0.02 0.0216)
(0.08 0.02 0.0216)
(0.1 0.02 0.0216)
(0.12 0.02 0.0216)
(0.14 0.02 0.0216)
(0.16 0.02 0.0216)
(0.18 0.02 0.0216)
(0 0.04 0.0216)
(0.02 0.04 0.0216)
(0.04 0.04 0.0216)
(0.06 0.04 0.0216)
(0.08 0.04 0.0216)
(0.1 0.04 0.0216)
(0.12 0.04 0.0216)
(0.14 0.04 0.0216)
(0.16 0.04 0.0216)
(0.18 0.04 0.0216)
(0 0.06 0.0216)
(0.02 0.06 0.0216)
(0.04 0.06 0.0216)
(0.06 0.06 0.0216)
(0.08 0.06 0.0216)
(0.1 0.06 0.0216)
(0.12 0.06 0.0216)
(0.14 0.06 0.0216)
(0.16 0.06 0.0216)
(0.18 0.06 0.0216)
(0 0.08 0.0216)
(0.02 0.08 0.0216)
(0.04 0.08 0.0216)
(0.06 0.08 0.0216)
(0.08 0.08 0.0216)
(0.1 0.08 0.0216)
(0.12 0.08 0.0216)
(0.14 0.08 0.0216)
(0.16 0.08 0.0216)
(0.18 0.08 0.0216)
(0 0.1 0.0216)
(0.02 0.1 0.0216)
(0.04 0.1 0.0216)
(0.06 0.1 0.0216)
(0.08 0.1 0.0216)
(0.1 0.1 0.0216)
(0.12 0.1 0.0216)
(0.14 0.1 0.0216)
(0.16 0.1 0.0216)
(0.18 0.1 0.0216)
(0 0.12 0.0216)
(0.02 0.12 0.0216)
(0.04 0.12 0.0216)
(0.06 0.12 0.0216)
(0.08 0.12 0.0216)
(0.1 0.12 0.0216)
(0.12 0.12 0.0216)
(0.14 0.12 0.0216)
(0.16 0.12 0.0216)
(0.18 0.12 0.0216)
(0 0.14 0.0216)
(0.02 0.14 0.0216)
(0.04 0.14 0.0216)
(0.06 0.14 0.0216)
(0.08 0.14 0.0216)
(0.1 0.14 0.0216)
(0.12 0.14 0.0216)
(0.14 0.14 0.0216)
(0.16 0.14 0.0216)
(0.18 0.14 0.0216)
(0 0.16 0.0216)
(0.02 0.16 0.0216)
(0.04 0.16 0.0216)
(0.06 0.16 0.0216)
(0.08 0.16 0.0216)
(0.1 0.16 0.0216)
(0.12 0.16 0.0216)
(0.14 0.16 0.0216)
(0.16 0.16 0.0216)
(0.18 0.16 0.0216)
(0 0.18 0.0216)
(0.02 0.18 0.0216)
(0.04 0.18 0.0216)
(0.06 0.18 0.0216)
(0.08 0.18 0.0216)
(0.1 0.18 0.0216)
(0.12 0.18 0.0216)
(0.14 0.18 0.0216)
(0.16 0.18 0.0216)
(0.18 0.18 0.0216)
)


// ************************************************************************* //
