/*--------------------------------*- C++ -*----------------------------------*\
| =========                 |                                                 |
| \\      /  F ield         | OpenFOAM: The Open Source CFD Toolbox           |
|  \\    /   O peration     | Version:  4.0                                   |
|   \\  /    A nd           | Web:      www.OpenFOAM.org                      |
|    \\/     M anipulation  |                                                 |
\*---------------------------------------------------------------------------*/
FoamFile
{
    version     2.0;
    format      ascii;
    class       surfaceScalarField;
    location    "90";
    object      phi;
}
// * * * * * * * * * * * * * * * * * * * * * * * * * * * * * * * * * * * * * //

dimensions      [1 0 -1 0 0 0 0];

internalField   nonuniform List<scalar> 
2700
(
2.786440524e-07
2.786440038e-07
2.551889628e-06
1.769294016e-07
3.246419584e-07
2.886250348e-06
9.584349925e-08
3.29555603e-07
2.860707899e-06
4.203473398e-08
3.307695646e-07
2.832216805e-06
-1.078959734e-14
3.312899355e-07
2.81992245e-06
-4.203475617e-08
3.312899292e-07
2.819922448e-06
-9.584344364e-08
3.307695628e-07
2.832216812e-06
-1.769293136e-07
3.295556305e-07
2.860707928e-06
-2.786439932e-07
3.246419787e-07
2.886250367e-06
2.786440087e-07
2.551889641e-06
3.246420147e-07
1.769293086e-07
2.886250338e-06
2.147647548e-07
2.147646638e-07
3.328932204e-06
1.172985968e-07
2.188737651e-07
3.317325671e-06
5.117844891e-08
2.185189526e-07
3.28754832e-06
-1.2454022e-14
2.180930277e-07
3.273553049e-06
-5.117846437e-08
2.180930091e-07
3.273553025e-06
-1.17298509e-07
2.18518938e-07
3.287548308e-06
-2.147646635e-07
2.188737489e-07
3.317325661e-06
-3.246419664e-07
2.147646818e-07
3.3289322e-06
1.769293448e-07
2.886250384e-06
3.295556698e-07
9.584339891e-08
2.860707877e-06
2.188738542e-07
1.172985109e-07
3.31732563e-06
1.202021457e-07
1.202020816e-07
3.30652102e-06
5.261223809e-08
1.196108803e-07
3.275675546e-06
-2.928615707e-14
1.189908113e-07
3.26089207e-06
-5.261224891e-08
1.189908078e-07
3.260892057e-06
-1.202020571e-07
1.196108635e-07
3.275675525e-06
-2.188737329e-07
1.202020577e-07
3.306520991e-06
-3.295556005e-07
1.172985178e-07
3.317325656e-06
9.584344037e-08
2.860707927e-06
3.307696523e-07
4.203469132e-08
2.832216771e-06
2.185190681e-07
5.117842054e-08
3.287548273e-06
1.196109445e-07
5.261220934e-08
3.275675532e-06
5.227756615e-08
5.227757374e-08
3.243844254e-06
-3.200372574e-14
5.191499563e-08
3.228531015e-06
-5.227759395e-08
5.191498283e-08
3.228530988e-06
-1.19610862e-07
5.227755241e-08
3.243844195e-06
-2.185189155e-07
5.261221616e-08
3.275675497e-06
-3.307695414e-07
5.117843818e-08
3.287548299e-06
4.203473254e-08
2.832216809e-06
3.312900386e-07
-5.255469591e-14
2.819922395e-06
2.180931461e-07
-4.169549208e-14
3.273552993e-06
1.189909063e-07
-2.20663708e-14
3.260892072e-06
5.191498717e-08
-5.008962575e-15
3.228531039e-06
-4.594351059e-14
7.717735747e-15
3.213007592e-06
-5.19150217e-08
1.757131444e-14
3.213007553e-06
-1.18990799e-07
5.360971639e-15
3.228530957e-06
-2.18092979e-07
-8.350381311e-15
3.260892022e-06
-3.312899047e-07
-2.246035124e-14
3.273553018e-06
-1.937857002e-14
2.819922447e-06
3.312900541e-07
-4.203476507e-08
2.819922385e-06
2.18093164e-07
-5.117847151e-08
3.273552987e-06
1.18990927e-07
-5.261224092e-08
3.260892087e-06
5.191500608e-08
-5.227755733e-08
3.228531062e-06
-4.085604028e-14
-5.191496432e-08
3.213007608e-06
-5.191502956e-08
-5.191496796e-08
3.213007565e-06
-1.18990814e-07
-5.227756286e-08
3.228530951e-06
-2.180929914e-07
-5.261224956e-08
3.260892007e-06
-3.312899088e-07
-5.117848063e-08
3.273553012e-06
-4.20347722e-08
2.819922448e-06
3.307696978e-07
-9.584346686e-08
2.832216732e-06
2.185191107e-07
-1.172985323e-07
3.287548262e-06
1.196110126e-07
-1.202020686e-07
3.275675571e-06
5.227759465e-08
-1.196108662e-07
3.243844305e-06
-4.202367444e-14
-1.18990797e-07
3.228531052e-06
-5.227763133e-08
-1.189908021e-07
3.228531005e-06
-1.196108927e-07
-1.196108654e-07
3.243844187e-06
-2.185189343e-07
-1.202020753e-07
3.275675501e-06
-3.307695456e-07
-1.172985404e-07
3.287548293e-06
-9.584346258e-08
2.83221681e-06
3.295557659e-07
-1.769293208e-07
2.860707855e-06
2.188739323e-07
-2.147646777e-07
3.317325596e-06
1.202022143e-07
-2.188737486e-07
3.30652101e-06
5.261226364e-08
-2.185189522e-07
3.275675585e-06
-4.653224798e-14
-2.180930048e-07
3.26089212e-06
-5.261229782e-08
-2.180929988e-07
3.260892085e-06
-1.202021031e-07
-2.185189393e-07
3.275675524e-06
-2.188737643e-07
-2.18873764e-07
3.306520987e-06
-3.295556094e-07
-2.147646874e-07
3.317325632e-06
-1.769293414e-07
2.860707905e-06
3.24642106e-07
-2.78643988e-07
2.886250291e-06
2.147648623e-07
-3.246419504e-07
3.328932151e-06
1.172986448e-07
-3.29555622e-07
3.317325659e-06
5.117849488e-08
-3.307695681e-07
3.28754835e-06
-3.876546166e-14
-3.312899496e-07
3.273553066e-06
-5.11785196e-08
-3.312899474e-07
3.273553047e-06
-1.172985707e-07
-3.307695603e-07
3.287548291e-06
-2.147646865e-07
-3.29555617e-07
3.317325639e-06
-3.24641961e-07
-3.246419632e-07
3.328932186e-06
-2.786440127e-07
2.886250346e-06
2.786441316e-07
2.551889597e-06
1.769294697e-07
2.88625031e-06
9.584355296e-08
2.860707917e-06
4.203475939e-08
2.832216844e-06
-3.465229596e-14
2.819922494e-06
-4.203478489e-08
2.819922472e-06
-9.584347682e-08
2.832216799e-06
-1.769293328e-07
2.860707897e-06
-2.786440094e-07
2.886250338e-06
2.55188963e-06
2.680167805e-07
2.680166962e-07
2.015856208e-06
2.387592688e-07
3.289768414e-07
2.586531033e-06
1.506286409e-07
3.325092719e-07
2.616329298e-06
6.991616475e-08
3.334049779e-07
2.57952422e-06
-1.375192915e-14
3.340331792e-07
2.555805465e-06
-6.991618175e-08
3.340331522e-07
2.555805466e-06
-1.506285306e-07
3.334049522e-07
2.579524256e-06
-2.387591445e-07
3.325092598e-07
2.616329302e-06
-2.680166887e-07
3.289768477e-07
2.586531047e-06
2.680167213e-07
2.015856211e-06
3.289769407e-07
2.387591119e-07
2.586531023e-06
3.059223523e-07
3.059221701e-07
3.375041433e-06
1.950456139e-07
3.136941722e-07
3.447017461e-06
9.053134408e-08
3.131968462e-07
3.412270618e-06
-4.233270989e-14
3.124621156e-07
3.385655463e-06
-9.053134978e-08
3.124621041e-07
3.385655463e-06
-1.950454794e-07
3.13196823e-07
3.412270611e-06
-3.059221981e-07
3.136941347e-07
3.447017466e-06
-3.289768126e-07
3.059222279e-07
3.375041488e-06
2.38759178e-07
2.586531036e-06
3.325093575e-07
1.506284721e-07
2.61632925e-06
3.136943481e-07
1.950454662e-07
3.447017429e-06
2.025999129e-07
2.025998008e-07
3.528709731e-06
9.474404041e-08
2.022656288e-07
3.494462612e-06
-5.211939483e-14
2.013461413e-07
3.466752144e-06
-9.474405571e-08
2.013461193e-07
3.466752113e-06
-2.0259979e-07
2.022655663e-07
3.494462546e-06
-3.136941028e-07
2.025997662e-07
3.528709728e-06
-3.325092137e-07
1.950454842e-07
3.447017453e-06
1.506285301e-07
2.616329291e-06
3.334050993e-07
6.991606292e-08
2.579524181e-06
3.131970634e-07
9.05312871e-08
3.412270565e-06
2.022657424e-07
9.474401129e-08
3.494462565e-06
9.463177436e-08
9.463179493e-08
3.459111976e-06
-7.151097025e-14
9.409096888e-08
3.430417975e-06
-9.463183135e-08
9.40909443e-08
3.430417925e-06
-2.02265588e-07
9.46317524e-08
3.459111882e-06
-3.131967657e-07
9.47440027e-08
3.494462515e-06
-3.334049098e-07
9.053131022e-08
3.412270599e-06
6.991614037e-08
2.579524257e-06
3.340333498e-07
-8.768565459e-14
2.5558054e-06
3.124623641e-07
-6.870795742e-14
3.385655392e-06
2.013463053e-07
-2.874199609e-14
3.466752117e-06
9.409095224e-08
1.324584497e-14
3.430417996e-06
-9.30377422e-14
2.811198735e-14
3.401189441e-06
-9.40910237e-08
3.331433734e-14
3.401189364e-06
-2.013461119e-07
-2.91072548e-16
3.430417863e-06
-3.124620302e-07
-2.750852047e-14
3.466752027e-06
-3.340331074e-07
-3.790214954e-14
3.385655443e-06
-2.427543642e-14
2.555805475e-06
3.340333754e-07
-6.991621698e-08
2.555805389e-06
3.124624015e-07
-9.053137231e-08
3.385655374e-06
2.013463455e-07
-9.474403076e-08
3.466752122e-06
9.409096591e-08
-9.463174964e-08
3.430418017e-06
-9.444780106e-14
-9.409090528e-08
3.401189464e-06
-9.409105509e-08
-9.40909089e-08
3.401189387e-06
-2.013461407e-07
-9.463177316e-08
3.430417866e-06
-3.124620432e-07
-9.474403375e-08
3.466752028e-06
-3.340330985e-07
-9.053137034e-08
3.385655437e-06
-6.991621032e-08
2.555805468e-06
3.334052059e-07
-1.506285566e-07
2.579524134e-06
3.131971693e-07
-1.950455214e-07
3.412270511e-06
2.022658529e-07
-2.025998231e-07
3.494462588e-06
9.463180838e-08
-2.02265611e-07
3.459112014e-06
-9.625796e-14
-2.013460973e-07
3.430418022e-06
-9.463191618e-08
-2.013460972e-07
3.43041796e-06
-2.022656329e-07
-2.022655679e-07
3.459111872e-06
-3.131968155e-07
-2.025998004e-07
3.494462508e-06
-3.334049145e-07
-1.950455337e-07
3.412270584e-06
-1.506285842e-07
2.579524252e-06
3.325095084e-07
-2.387591598e-07
2.616329201e-06
3.136944898e-07
-3.059222144e-07
3.447017361e-06
2.026000655e-07
-3.136941473e-07
3.528709738e-06
9.474409655e-08
-3.131968514e-07
3.494462644e-06
-9.114732391e-14
-3.124621137e-07
3.466752188e-06
-9.474415463e-08
-3.124620941e-07
3.466752118e-06
-2.025998699e-07
-3.131968379e-07
3.494462534e-06
-3.136941724e-07
-3.136941643e-07
3.528709685e-06
-3.325092296e-07
-3.059222276e-07
3.447017438e-06
-2.38759183e-07
2.616329299e-06
3.289770896e-07
-2.680166582e-07
2.586530983e-06
3.059225476e-07
-3.289768195e-07
3.375041394e-06
1.950457374e-07
-3.325092619e-07
3.447017466e-06
9.053139621e-08
-3.334049704e-07
3.412270671e-06
-7.175892452e-14
-3.340331803e-07
3.385655526e-06
-9.053146742e-08
-3.340331736e-07
3.385655483e-06
-1.950455638e-07
-3.334049477e-07
3.412270607e-06
-3.059222327e-07
-3.325092558e-07
3.447017419e-06
-3.28976829e-07
-3.289768459e-07
3.375041453e-06
-2.680167116e-07
2.586531037e-06
2.680168963e-07
2.015856172e-06
2.387594245e-07
2.586530996e-06
1.506287406e-07
2.616329305e-06
6.991620005e-08
2.579524275e-06
-6.444536613e-14
2.555805538e-06
-6.991625092e-08
2.555805517e-06
-1.506286056e-07
2.579524242e-06
-2.387591781e-07
2.616329273e-06
-2.680166911e-07
2.58653104e-06
2.015856194e-06
2.069963028e-07
2.06996191e-07
1.60186378e-06
2.170847011e-07
2.793366592e-07
2.29710602e-06
1.528466067e-07
2.824548383e-07
2.398112546e-06
7.522325903e-08
2.811804121e-07
2.375967159e-06
-1.437336349e-14
2.801704424e-07
2.350858334e-06
-7.522324314e-08
2.801704102e-07
2.350858344e-06
-1.528465069e-07
2.811803377e-07
2.375967168e-06
-2.170845447e-07
2.824548123e-07
2.39811255e-06
-2.069962013e-07
2.793366951e-07
2.297106031e-06
2.069962302e-07
1.601863765e-06
2.793367932e-07
2.170844857e-07
2.297105992e-06
3.036098425e-07
3.036096111e-07
3.326495478e-06
2.150229901e-07
3.130554927e-07
3.505003608e-06
1.059191204e-07
3.108862961e-07
3.491668478e-06
-4.37953224e-14
3.086992587e-07
3.463045793e-06
-1.059191381e-07
3.08699216e-07
3.463045785e-06
-2.150228195e-07
3.108862226e-07
3.491668472e-06
-3.036096189e-07
3.130554548e-07
3.505003608e-06
-2.793366652e-07
3.036096485e-07
3.326495515e-06
2.170845879e-07
2.297106016e-06
2.824549636e-07
1.528464114e-07
2.398112487e-06
3.130557201e-07
2.15022796e-07
3.505003569e-06
2.252950031e-07
2.252948364e-07
3.704231086e-06
1.120117102e-07
2.242859861e-07
3.694346076e-06
-7.945457622e-14
2.225411241e-07
3.66492198e-06
-1.12011755e-07
2.225410796e-07
3.664921938e-06
-2.25294796e-07
2.242858915e-07
3.694346022e-06
-3.130554265e-07
2.252947467e-07
3.704231057e-06
-2.824547593e-07
2.150228226e-07
3.505003622e-06
1.528465153e-07
2.398112538e-06
2.811805648e-07
7.522311652e-08
2.37596711e-06
3.108865606e-07
1.059190304e-07
3.491668407e-06
2.242861563e-07
1.120116807e-07
3.694346028e-06
1.117284648e-07
1.117285021e-07
3.684226933e-06
-1.235954398e-13
1.108286343e-07
3.653858954e-06
-1.117285655e-07
1.108285941e-07
3.653858897e-06
-2.242859427e-07
1.117284246e-07
3.684226839e-06
-3.108861502e-07
1.120116451e-07
3.694346005e-06
-2.811802668e-07
1.05919077e-07
3.49166849e-06
7.522320646e-08
2.37596721e-06
2.801706585e-07
-1.172171743e-13
2.350858241e-06
3.086995866e-07
-9.787875942e-14
3.463045697e-06
2.225413473e-07
-3.488024734e-14
3.664921947e-06
1.108286001e-07
3.097973541e-14
3.653858977e-06
-1.630760899e-13
5.799124767e-14
3.622846584e-06
-1.108287308e-07
5.263609428e-14
3.622846524e-06
-2.225410979e-07
2.999328323e-15
3.653858833e-06
-3.086990867e-07
-2.188401427e-14
3.664921896e-06
-2.801703152e-07
-5.098773674e-14
3.46304579e-06
-3.803088513e-14
2.350858368e-06
2.801706799e-07
-7.522332233e-08
2.350858223e-06
3.086996618e-07
-1.059191541e-07
3.463045708e-06
2.225414091e-07
-1.120117071e-07
3.664921978e-06
1.108286244e-07
-1.117284365e-07
3.653859e-06
-1.659937243e-13
-1.108285425e-07
3.622846597e-06
-1.108287679e-07
-1.108285364e-07
3.622846508e-06
-2.225411277e-07
-1.117284499e-07
3.653858812e-06
-3.086991123e-07
-1.120116903e-07
3.664921867e-06
-2.80170305e-07
-1.059191501e-07
3.463045786e-06
-7.522328467e-08
2.350858366e-06
2.811806934e-07
-1.528465183e-07
2.375967063e-06
3.108867397e-07
-2.150228624e-07
3.491668374e-06
2.242862941e-07
-2.252948559e-07
3.694346055e-06
1.117285232e-07
-2.242859654e-07
3.684226977e-06
-1.636790113e-13
-2.225410753e-07
3.653859007e-06
-1.11728679e-07
-2.225410737e-07
3.653858908e-06
-2.242859962e-07
-2.242858939e-07
3.684226815e-06
-3.10886214e-07
-2.252948198e-07
3.694345962e-06
-2.811802822e-07
-2.150228824e-07
3.491668483e-06
-1.528465624e-07
2.37596719e-06
2.824551414e-07
-2.170845302e-07
2.398112432e-06
3.130559485e-07
-3.036096334e-07
3.505003499e-06
2.25295188e-07
-3.130554745e-07
3.704231098e-06
1.120117954e-07
-3.108862866e-07
3.694346141e-06
-1.536347913e-13
-3.086992458e-07
3.664922029e-06
-1.120118897e-07
-3.08699203e-07
3.664921977e-06
-2.252949207e-07
-3.108862304e-07
3.694346001e-06
-3.130554799e-07
-3.130554817e-07
3.704231031e-06
-2.82454764e-07
-3.036096616e-07
3.505003606e-06
-2.170845959e-07
2.398112533e-06
2.793369899e-07
-2.069961541e-07
2.297105943e-06
3.036101075e-07
-2.793366437e-07
3.326495428e-06
2.15023169e-07
-2.824548353e-07
3.505003583e-06
1.059191946e-07
-2.811803987e-07
3.491668517e-06
-1.090642447e-13
-2.801704228e-07
3.463045854e-06
-1.059192809e-07
-2.801704047e-07
3.463045815e-06
-2.15022961e-07
-2.811803434e-07
3.491668465e-06
-3.036096502e-07
-2.82454802e-07
3.505003594e-06
-2.793366521e-07
-2.793366712e-07
3.326495491e-06
-2.069962454e-07
2.297105988e-06
2.069964571e-07
1.601863719e-06
2.170849075e-07
2.29710595e-06
1.528467623e-07
2.398112513e-06
7.522332609e-08
2.375967198e-06
-8.86020929e-14
2.350858362e-06
-7.522338448e-08
2.350858357e-06
-1.528466044e-07
2.375967178e-06
-2.17084561e-07
2.398112536e-06
-2.069962245e-07
2.297105999e-06
1.601863739e-06
1.5128693e-07
1.512867744e-07
1.299290097e-06
1.760726032e-07
2.300077434e-07
2.042312604e-06
1.330691398e-07
2.356144813e-07
2.205501451e-06
6.812639121e-08
2.331040992e-07
2.207805835e-06
-1.104480001e-14
2.304061324e-07
2.188578584e-06
-6.812637989e-08
2.304060892e-07
2.18857859e-06
-1.330690306e-07
2.33104006e-07
2.207805843e-06
-1.760724334e-07
2.35614446e-07
2.205501451e-06
-1.512868397e-07
2.300077929e-07
2.042312588e-06
1.512868609e-07
1.299290088e-06
2.300079215e-07
1.760723517e-07
2.042312606e-06
2.750805987e-07
2.750803164e-07
3.236350317e-06
2.081359027e-07
2.875965254e-07
3.5199662e-06
1.067811414e-07
2.840309616e-07
3.542096218e-06
-5.675774385e-14
2.800028934e-07
3.520230217e-06
-1.067811699e-07
2.800028247e-07
3.520230213e-06
-2.081357124e-07
2.840308456e-07
3.542096238e-06
-2.750803224e-07
2.875964584e-07
3.519966194e-06
-2.300077691e-07
2.750803727e-07
3.236350309e-06
1.76072485e-07
2.042312596e-06
2.356146536e-07
1.330689325e-07
2.20550144e-06
2.875967977e-07
2.081356639e-07
3.51996616e-06
2.212608954e-07
2.212606809e-07
3.836902767e-06
1.146421859e-07
2.193594924e-07
3.865636081e-06
-1.11046604e-13
2.163437204e-07
3.843223357e-06
-1.146422417e-07
2.163436576e-07
3.843223322e-06
-2.212606586e-07
2.193593533e-07
3.865636027e-06
-2.875964168e-07
2.212605898e-07
3.836902772e-06
-2.356144054e-07
2.081357064e-07
3.519966214e-06
1.330690882e-07
2.205501475e-06
2.331042715e-07
6.812620107e-08
2.207805782e-06
2.840312593e-07
1.06781035e-07
3.542096155e-06
2.19359698e-07
1.146421687e-07
3.865636047e-06
1.139846364e-07
1.139846916e-07
3.894976534e-06
-1.71814233e-13
1.124762724e-07
3.871711059e-06
-1.139847719e-07
1.124762182e-07
3.871711004e-06
-2.193594218e-07
1.139845698e-07
3.894976416e-06
-2.840307507e-07
1.146421035e-07
3.865636046e-06
-2.331038885e-07
1.067810886e-07
3.542096287e-06
6.812631961e-08
2.207805881e-06
2.304064073e-07
-1.407031105e-13
2.188578543e-06
2.800032915e-07
-1.044501125e-13
3.520230117e-06
2.163440015e-07
-1.028263036e-14
3.84322331e-06
1.124762107e-07
4.704266413e-14
3.871711083e-06
-2.227871933e-13
6.803644693e-14
3.847798944e-06
-1.124764131e-07
4.081591935e-14
3.847798864e-06
-2.163436575e-07
-7.711052622e-15
3.871710924e-06
-2.800026617e-07
-4.086939163e-14
3.843223274e-06
-2.304059432e-07
-5.61717861e-14
3.520230262e-06
-3.775001209e-14
2.188578672e-06
2.304064562e-07
-6.812644088e-08
2.188578535e-06
2.800033913e-07
-1.067811855e-07
3.52023013e-06
2.163440533e-07
-1.146421974e-07
3.843223338e-06
1.124762339e-07
-1.139846035e-07
3.871711115e-06
-2.457116604e-13
-1.124761315e-07
3.847798978e-06
-1.124764577e-07
-1.12476137e-07
3.84779886e-06
-2.163437053e-07
-1.139846005e-07
3.871710898e-06
-2.800026722e-07
-1.146421647e-07
3.843223246e-06
-2.304059366e-07
-1.067811649e-07
3.520230251e-06
-6.812642526e-08
2.188578658e-06
2.331044387e-07
-1.330690577e-07
2.207805747e-06
2.84031485e-07
-2.08135765e-07
3.542096114e-06
2.193598675e-07
-2.212607037e-07
3.86563606e-06
1.139847037e-07
-2.193594428e-07
3.894976595e-06
-2.461262469e-13
-2.16343667e-07
3.871711115e-06
-1.139849119e-07
-2.163436218e-07
3.871711014e-06
-2.193595008e-07
-2.193593677e-07
3.894976399e-06
-2.840307797e-07
-2.212606482e-07
3.865635972e-06
-2.331039245e-07
-2.081357795e-07
3.54209624e-06
-1.33069118e-07
2.207805886e-06
2.356148571e-07
-1.760723897e-07
2.205501386e-06
2.875970986e-07
-2.750803316e-07
3.519966087e-06
2.212611363e-07
-2.875965387e-07
3.836902761e-06
1.146422593e-07
-2.840309773e-07
3.865636142e-06
-1.950411652e-13
-2.80002874e-07
3.843223417e-06
-1.14642434e-07
-2.800028172e-07
3.843223345e-06
-2.212607877e-07
-2.840308364e-07
3.865636015e-06
-2.875964675e-07
-2.875964784e-07
3.836902714e-06
-2.356143925e-07
-2.750803856e-07
3.519966192e-06
-1.760725125e-07
2.205501467e-06
2.300081585e-07
-1.512867582e-07
2.042312575e-06
2.750808911e-07
-2.300077461e-07
3.23635024e-06
2.08136134e-07
-2.356144874e-07
3.51996618e-06
1.067812479e-07
-2.331040944e-07
3.54209628e-06
-1.467973795e-13
-2.304061436e-07
3.520230244e-06
-1.067813537e-07
-2.304060893e-07
3.520230213e-06
-2.081358635e-07
-2.331039881e-07
3.542096232e-06
-2.750803766e-07
-2.356144354e-07
3.519966184e-06
-2.300077588e-07
-2.300077727e-07
3.236350321e-06
-1.512868708e-07
2.042312592e-06
1.51287105e-07
1.299290089e-06
1.760728412e-07
2.042312564e-06
1.330693548e-07
2.205501436e-06
6.812646249e-08
2.20780584e-06
-9.312351706e-14
2.188578598e-06
-6.812651766e-08
2.188578602e-06
-1.330691597e-07
2.207805834e-06
-1.760724711e-07
2.205501455e-06
-1.512868587e-07
2.042312599e-06
1.299290083e-06
1.067366493e-07
1.067364788e-07
1.08581698e-06
1.343948059e-07
1.842925353e-07
1.830361857e-06
1.072025183e-07
1.923622312e-07
2.040331475e-06
5.64581216e-08
1.894381448e-07
2.069112054e-06
-4.555914813e-15
1.855676291e-07
2.059469155e-06
-5.645810479e-08
1.855675685e-07
2.059469151e-06
-1.072024177e-07
1.894380402e-07
2.069112067e-06
-1.343946465e-07
1.923621733e-07
2.040331485e-06
-1.067365341e-07
1.842925886e-07
1.830361842e-06
1.067365757e-07
1.085816955e-06
1.84292737e-07
1.343945436e-07
1.830361873e-06
2.38120977e-07
2.381206485e-07
3.128694007e-06
1.896151387e-07
2.541355451e-07
3.506698598e-06
1.003213671e-07
2.500009376e-07
3.570827115e-06
-6.411642342e-14
2.444502758e-07
3.561668974e-06
-1.003213874e-07
2.444501832e-07
3.561668967e-06
-1.896149603e-07
2.500007677e-07
3.570827119e-06
-2.381206854e-07
2.541354817e-07
3.506698611e-06
-1.842925444e-07
2.381207424e-07
3.128694011e-06
1.34394713e-07
1.830361851e-06
1.92362399e-07
1.072022681e-07
2.040331474e-06
2.541358592e-07
1.89614875e-07
3.506698596e-06
2.0590045e-07
2.059002191e-07
3.933373466e-06
1.101154326e-07
2.035528106e-07
4.00786903e-06
-1.340763755e-13
1.993383556e-07
3.998450721e-06
-1.101155257e-07
1.993382597e-07
3.99845069e-06
-2.059001701e-07
2.035526112e-07
4.00786898e-06
-2.541354332e-07
2.059001028e-07
3.933373438e-06
-1.923621162e-07
1.896149687e-07
3.506698629e-06
1.072024797e-07
2.040331517e-06
1.894383402e-07
5.645793893e-08
2.069112045e-06
2.500012742e-07
1.003212384e-07
3.57082708e-06
2.035530348e-07
1.101154189e-07
4.007869008e-06
1.09262917e-07
1.092629955e-07
4.08355613e-06
-2.170505014e-13
1.071363418e-07
4.073175924e-06
-1.092631045e-07
1.071362728e-07
4.073175885e-06
-2.035526756e-07
1.092628303e-07
4.083556041e-06
-2.500006456e-07
1.101153152e-07
4.007868981e-06
-1.894379111e-07
1.003212932e-07
3.570827162e-06
5.645809128e-08
2.069112103e-06
1.855679183e-07
-1.519407023e-13
2.059469114e-06
2.444507265e-07
-9.281281872e-14
3.561668899e-06
1.993386737e-07
1.304966052e-14
3.998450695e-06
1.07136267e-07
7.847241703e-14
4.073175965e-06
-2.913932548e-13
1.0502428e-13
4.062071423e-06
-1.07136534e-07
4.300776625e-14
4.062071341e-06
-1.993382498e-07
-3.378102074e-14
4.073175814e-06
-2.444499514e-07
-6.550350445e-14
3.998450647e-06
-1.855673738e-07
-7.094358932e-14
3.561669019e-06
-5.087958071e-14
2.059469215e-06
1.855680003e-07
-5.645820728e-08
2.059469105e-06
2.444508373e-07
-1.003214175e-07
3.561668865e-06
1.993387315e-07
-1.101154525e-07
3.998450684e-06
1.071362913e-07
-1.092628654e-07
4.073175997e-06
-3.477332723e-13
-1.071361944e-07
4.06207145e-06
-1.07136601e-07
-1.071361786e-07
4.062071344e-06
-1.993382895e-07
-1.092628487e-07
4.073175809e-06
-2.444499513e-07
-1.101154216e-07
3.998450657e-06
-1.855673572e-07
-1.003214021e-07
3.56166902e-06
-5.645817846e-08
2.05946922e-06
1.894385424e-07
-1.072024147e-07
2.069111998e-06
2.500015339e-07
-1.896149971e-07
3.570827001e-06
2.03553255e-07
-2.059002534e-07
4.007868984e-06
1.092629653e-07
-2.035527678e-07
4.083556168e-06
-3.322192828e-13
-1.993382742e-07
4.073175994e-06
-1.092632687e-07
-1.993382093e-07
4.073175904e-06
-2.035528092e-07
-2.03552617e-07
4.083556022e-06
-2.500006531e-07
-2.059001529e-07
4.007868959e-06
-1.894379017e-07
-1.896150254e-07
3.570827165e-06
-1.072025254e-07
2.069112124e-06
1.923626419e-07
-1.343945759e-07
2.04033144e-06
2.541362098e-07
-2.381206813e-07
3.506698503e-06
2.059007499e-07
-2.541355729e-07
3.933373432e-06
1.101155175e-07
-2.500009553e-07
4.007869064e-06
-2.64372943e-13
-2.444502824e-07
3.998450752e-06
-1.101157441e-07
-2.444501959e-07
3.998450711e-06
-2.059003379e-07
-2.500007501e-07
4.007868966e-06
-2.541354648e-07
-2.541354621e-07
3.933373427e-06
-1.92362091e-07
-2.381207319e-07
3.506698636e-06
-1.343947364e-07
2.040331517e-06
1.842929826e-07
-1.067364426e-07
1.83036188e-06
2.381213168e-07
-1.842925312e-07
3.128693957e-06
1.896154439e-07
-1.923622489e-07
3.506698582e-06
1.003214517e-07
-1.894381965e-07
3.570827112e-06
-1.823517585e-13
-1.855676634e-07
3.561668972e-06
-1.003215792e-07
-1.855675653e-07
3.561668987e-06
-1.896151196e-07
-1.894380239e-07
3.570827122e-06
-2.381207269e-07
-1.923621431e-07
3.50669862e-06
-1.842925549e-07
-1.84292567e-07
3.128694018e-06
-1.067365845e-07
1.830361854e-06
1.067368232e-07
1.085817002e-06
1.34395072e-07
1.830361834e-06
1.0720275e-07
2.040331455e-06
5.645820509e-08
2.06911204e-06
-8.655264079e-14
2.059469125e-06
-5.645826164e-08
2.059469142e-06
-1.072025392e-07
2.069112073e-06
-1.343946909e-07
2.040331494e-06
-1.06736572e-07
1.830361839e-06
1.08581695e-06
7.403361709e-08
7.403344391e-08
9.37749929e-07
9.848502641e-08
1.446851256e-07
1.661225257e-06
8.193670589e-08
1.541690418e-07
1.902710722e-06
4.408328083e-08
1.511482687e-07
1.955817212e-06
-1.078275123e-14
1.465633858e-07
1.956989067e-06
-4.408325448e-08
1.465633163e-07
1.956989093e-06
-8.193660794e-08
1.511481251e-07
1.955817228e-06
-9.848488745e-08
1.541689633e-07
1.902710718e-06
-7.403349244e-08
1.446851874e-07
1.661225235e-06
7.403355104e-08
9.377498664e-07
1.44685336e-07
9.848474794e-08
1.661225288e-06
1.995501455e-07
1.99549808e-07
3.018964554e-06
1.659219156e-07
2.183151328e-07
3.476180669e-06
9.008337901e-08
2.141832381e-07
3.583630588e-06
-7.650057557e-14
2.075761601e-07
3.590739606e-06
-9.0083402e-08
2.075760402e-07
3.59073964e-06
-1.659217259e-07
2.141830103e-07
3.583630628e-06
-1.99549838e-07
2.18315021e-07
3.476180693e-06
-1.446851297e-07
1.995499051e-07
3.018964546e-06
9.848497148e-08
1.661225224e-06
1.541692433e-07
8.193645265e-08
1.902710786e-06
2.183154554e-07
1.659216285e-07
3.476180701e-06
1.84982016e-07
1.84981776e-07
4.000040199e-06
1.01671756e-07
1.826464438e-07
4.122715841e-06
-1.680515948e-13
1.775244024e-07
4.130174188e-06
-1.016718712e-07
1.775243021e-07
4.130174189e-06
-1.849817231e-07
1.826462003e-07
4.122715843e-06
-2.183149681e-07
1.849816399e-07
4.000040207e-06
-1.541688812e-07
1.659217367e-07
3.476180735e-06
8.193666304e-08
1.90271074e-06
1.511484817e-07
4.408307293e-08
1.95581726e-06
2.141835829e-07
9.008323531e-08
3.583630602e-06
1.826466729e-07
1.016717511e-07
4.122715842e-06
1.008654084e-07
1.008655294e-07
4.247117897e-06
-2.582427733e-13
9.824960077e-08
4.253316129e-06
-1.008656477e-07
9.824948715e-08
4.253316099e-06
-1.826462871e-07
1.008653069e-07
4.247117842e-06
-2.141828682e-07
1.016716115e-07
4.122715862e-06
-1.511479734e-07
9.008330393e-08
3.583630695e-06
4.408325926e-08
1.955817285e-06
1.465637067e-07
-1.613048029e-13
1.956989117e-06
2.075766469e-07
-1.074716262e-13
3.59073958e-06
1.775247649e-07
6.768544368e-15
4.130174166e-06
9.824947657e-08
9.836109862e-14
4.253316133e-06
-3.651272613e-13
1.253958946e-13
4.258570268e-06
-9.824981613e-08
4.692537193e-14
4.258570218e-06
-1.775242865e-07
-3.457608896e-14
4.253316047e-06
-2.075757431e-07
-7.188004971e-14
4.130174188e-06
-1.465630529e-07
-7.969880133e-14
3.590739735e-06
-4.61834967e-14
1.956989165e-06
1.465637894e-07
-4.408337492e-08
1.956989101e-06
2.075767709e-07
-9.00834285e-08
3.590739523e-06
1.775248468e-07
-1.016717723e-07
4.130174144e-06
9.824949822e-08
-1.008653904e-07
4.253316161e-06
-4.383867912e-13
-9.824941072e-08
4.25857029e-06
-9.82498977e-08
-9.824938742e-08
4.258570221e-06
-1.775243135e-07
-1.008653384e-07
4.25331602e-06
-2.075757532e-07
-1.016717466e-07
4.130174167e-06
-1.465630262e-07
-9.008340475e-08
3.590739738e-06
-4.408333682e-08
1.956989171e-06
1.51148707e-07
-8.19365876e-08
1.955817245e-06
2.141838758e-07
-1.659217657e-07
3.583630464e-06
1.826469266e-07
-1.84981814e-07
4.122715786e-06
1.008654774e-07
-1.826463891e-07
4.247117949e-06
-4.103975266e-13
-1.775243508e-07
4.25331619e-06
-1.008658483e-07
-1.775242423e-07
4.253316122e-06
-1.826464171e-07
-1.826462005e-07
4.247117826e-06
-2.141828609e-07
-1.849816788e-07
4.12271584e-06
-1.511479414e-07
-1.659217985e-07
3.583630688e-06
-8.193673201e-08
1.955817283e-06
1.541694877e-07
-9.848475608e-08
1.902710746e-06
2.183158518e-07
-1.995498239e-07
3.476180592e-06
1.849823626e-07
-2.183151612e-07
4.000040156e-06
1.016718306e-07
-2.141832792e-07
4.122715871e-06
-3.132864594e-13
-2.075761867e-07
4.130174255e-06
-1.016721271e-07
-2.075760511e-07
4.130174216e-06
-1.849818944e-07
-2.14182978e-07
4.122715833e-06
-2.183149909e-07
-2.183149872e-07
4.000040204e-06
-1.541688566e-07
-1.9954989e-07
3.476180749e-06
-9.848499617e-08
1.902710763e-06
1.44685581e-07
-7.403337969e-08
1.661225322e-06
1.995505254e-07
-1.446851175e-07
3.018964504e-06
1.659222198e-07
-1.541690893e-07
3.476180629e-06
9.00834621e-08
-1.511483439e-07
3.583630574e-06
-1.936493579e-13
-1.465634563e-07
3.590739623e-06
-9.008362115e-08
-1.465633353e-07
3.590739645e-06
-1.659218793e-07
-1.511480984e-07
3.583630638e-06
-1.995498896e-07
-1.541689234e-07
3.476180723e-06
-1.446851446e-07
-1.44685166e-07
3.018964569e-06
-7.403356284e-08
1.661225266e-06
7.403377009e-08
9.377499672e-07
9.848528758e-08
1.661225272e-06
8.193693331e-08
1.902710709e-06
4.408334689e-08
1.955817182e-06
-6.769467598e-14
1.956989049e-06
-4.408339775e-08
1.956989073e-06
-8.19367215e-08
1.955817227e-06
-9.848494218e-08
1.902710752e-06
-7.403353642e-08
1.661225254e-06
9.37749902e-07
5.156700739e-08
5.156683924e-08
8.346160659e-07
7.089550533e-08
1.124746359e-07
1.52942205e-06
6.064902814e-08
1.224915112e-07
1.790465682e-06
3.305513078e-08
1.195265847e-07
1.863884545e-06
4.11741052e-15
1.145855428e-07
1.875458728e-06
-3.305512787e-08
1.145854675e-07
1.875458753e-06
-6.064895127e-08
1.195264225e-07
1.863884594e-06
-7.089537802e-08
1.224914165e-07
1.790465705e-06
-5.156689127e-08
1.124746936e-07
1.529422013e-06
5.156695683e-08
8.346159825e-07
1.124748428e-07
7.08952602e-08
1.529422096e-06
1.63932308e-07
1.639320094e-07
2.916049748e-06
1.413180617e-07
1.843574843e-07
3.436928883e-06
7.838135257e-08
1.805633924e-07
3.58553041e-06
-5.97457569e-14
1.733514795e-07
3.610355117e-06
-7.838140139e-08
1.733513412e-07
3.610355154e-06
-1.413178894e-07
1.805631253e-07
3.585530485e-06
-1.63932005e-07
1.843573354e-07
3.436928955e-06
-1.124746285e-07
1.639321021e-07
2.916049739e-06
7.089549207e-08
1.529422e-06
1.224917134e-07
6.064877072e-08
1.790465766e-06
1.843577781e-07
1.413177819e-07
3.436928914e-06
1.623397226e-07
1.623395056e-07
4.044076108e-06
9.135007301e-08
1.603301644e-07
4.213938493e-06
-1.821530848e-13
1.546389398e-07
4.24023678e-06
-9.135021589e-08
1.546388136e-07
4.240236806e-06
-1.623394444e-07
1.60329869e-07
4.213938547e-06
-1.843572581e-07
1.623393462e-07
4.044076201e-06
-1.224913296e-07
1.413178923e-07
3.43692897e-06
6.064902749e-08
1.790465687e-06
1.195268164e-07
3.305493616e-08
1.863884664e-06
1.805637241e-07
7.838120873e-08
3.585530418e-06
1.60330361e-07
9.135007269e-08
4.2139385e-06
9.077145671e-08
9.077160019e-08
4.386234955e-06
-2.890706549e-13
8.783801237e-08
4.410888479e-06
-9.077174092e-08
8.783787728e-08
4.410888468e-06
-1.603299698e-07
9.077134864e-08
4.386234957e-06
-1.805629599e-07
9.134992124e-08
4.213938576e-06
-1.195262336e-07
7.838128918e-08
3.585530557e-06
3.305512794e-08
1.863884599e-06
1.145858854e-07
-1.726744863e-13
1.875458801e-06
1.733519636e-07
-1.52995252e-13
3.610355059e-06
1.546392831e-07
-4.664200124e-15
4.240236745e-06
8.783786362e-08
1.181564626e-13
4.410888487e-06
-4.106208475e-13
1.426556465e-13
4.434245877e-06
-8.783825853e-08
4.892941418e-14
4.434245842e-06
-1.546387914e-07
-6.01591312e-14
4.410888445e-06
-1.733509849e-07
-9.198841846e-14
4.240236836e-06
-1.145851547e-07
-8.50209657e-14
3.610355276e-06
-3.74470932e-14
1.875458816e-06
1.145859398e-07
-3.305522691e-08
1.875458796e-06
1.733521151e-07
-7.838144401e-08
3.610355028e-06
1.546394103e-07
-9.135010188e-08
4.240236701e-06
8.783787754e-08
-9.07714313e-08
4.410888496e-06
-5.008613299e-13
-8.783779193e-08
4.434245907e-06
-8.783836686e-08
-8.783775959e-08
4.434245871e-06
-1.54638815e-07
-9.077137144e-08
4.410888442e-06
-1.733509775e-07
-9.135005506e-08
4.240236814e-06
-1.145851204e-07
-7.83814114e-08
3.610355289e-06
-3.305522094e-08
1.875458824e-06
1.19526993e-07
-6.064893411e-08
1.863884617e-06
1.80564078e-07
-1.41317892e-07
3.585530319e-06
1.60330693e-07
-1.623395142e-07
4.213938435e-06
9.077152978e-08
-1.603301162e-07
4.386234982e-06
-4.74767972e-13
-1.546388741e-07
4.410888535e-06
-9.077197989e-08
-1.546387537e-07
4.410888497e-06
-1.603301069e-07
-1.603298705e-07
4.386234937e-06
-1.80562951e-07
-1.623393778e-07
4.213938545e-06
-1.195261909e-07
-1.413179383e-07
3.585530578e-06
-6.064907608e-08
1.86388464e-06
1.224919638e-07
-7.089521157e-08
1.790465777e-06
1.843582253e-07
-1.639319843e-07
3.43692881e-06
1.623401098e-07
-1.843575098e-07
4.044076046e-06
9.135017903e-08
-1.805634694e-07
4.213938498e-06
-3.709928343e-13
-1.733515528e-07
4.240236811e-06
-9.135050685e-08
-1.733513657e-07
4.240236816e-06
-1.623396165e-07
-1.8056308e-07
4.213938542e-06
-1.843572762e-07
-1.843572706e-07
4.044076187e-06
-1.224912863e-07
-1.639320728e-07
3.436928992e-06
-7.08954927e-08
1.790465731e-06
1.124750631e-07
-5.156675348e-08
1.529422137e-06
1.639326964e-07
-1.124745925e-07
2.916049721e-06
1.41318382e-07
-1.224915658e-07
3.436928829e-06
7.83814605e-08
-1.195266919e-07
3.585530386e-06
-2.071280428e-13
-1.1458567e-07
3.610355087e-06
-7.838162199e-08
-1.145855183e-07
3.610355139e-06
-1.413180337e-07
-1.195264004e-07
3.585530481e-06
-1.639320574e-07
-1.224913586e-07
3.436928956e-06
-1.124746245e-07
-1.12474673e-07
2.916049786e-06
-5.156697197e-08
1.52942205e-06
5.156714206e-08
8.346161047e-07
7.089573635e-08
1.529422073e-06
6.064923198e-08
1.790465678e-06
3.305520747e-08
1.863884538e-06
-6.080404478e-14
1.875458692e-06
-3.305525061e-08
1.875458721e-06
-6.064903294e-08
1.863884595e-06
-7.089544869e-08
1.79046572e-06
-5.156692956e-08
1.529422063e-06
8.346160432e-07
3.658419543e-08
3.658407466e-08
7.61447724e-07
5.116348852e-08
8.710429667e-08
1.42773838e-06
4.433153408e-08
9.694760313e-08
1.700350017e-06
2.424360604e-08
9.406219382e-08
1.789910382e-06
1.977414306e-14
8.900719278e-08
1.810695238e-06
-2.424358945e-08
8.900710121e-08
1.810695244e-06
-4.433148483e-08
9.406200747e-08
1.789910423e-06
-5.116341016e-08
9.694750735e-08
1.700350068e-06
-3.658413164e-08
8.710435601e-08
1.427738372e-06
3.658419472e-08
7.614476596e-07
8.710446083e-08
5.116328737e-08
1.427738449e-06
1.3317037e-07
1.331701201e-07
2.823918042e-06
1.182855481e-07
1.54075279e-07
3.394685989e-06
6.675125772e-08
1.507026624e-07
3.58042419e-06
-4.951742313e-14
1.432405424e-07
3.622873119e-06
-6.675130634e-08
1.432403879e-07
3.622873164e-06
-1.182853898e-07
1.507023766e-07
3.580424315e-06
-1.331701159e-07
1.540751248e-07
3.394686097e-06
-8.710427963e-08
1.331702124e-07
2.823918033e-06
5.116350694e-08
1.427738353e-06
9.694777891e-08
4.433132326e-08
1.700350153e-06
1.540755322e-07
1.182852849e-07
3.394686043e-06
1.402614277e-07
1.402612449e-07
4.071704206e-06
8.05381301e-08
1.387098387e-07
4.285654398e-06
-1.823510146e-13
1.327561789e-07
4.331259234e-06
-8.053827653e-08
1.327560233e-07
4.331259299e-06
-1.4026115e-07
1.387094953e-07
4.285654513e-06
-1.540750406e-07
1.402610385e-07
4.071704333e-06
-9.694742303e-08
1.182853987e-07
3.394686105e-06
4.433157566e-08
1.70035004e-06
9.406236915e-08
2.424338135e-08
1.789910531e-06
1.507029802e-07
6.675109336e-08
3.580424253e-06
1.387100082e-07
8.053813051e-08
4.285654412e-06
8.028443976e-08
8.028461345e-08
4.503085285e-06
-3.132222031e-13
7.720568817e-08
4.546723355e-06
-8.028474622e-08
7.720553939e-08
4.546723381e-06
-1.387096125e-07
8.028431633e-08
4.50308537e-06
-1.507021966e-07
8.05379636e-08
4.285654561e-06
-9.406182304e-08
6.675118696e-08
3.58042439e-06
2.424363193e-08
1.789910453e-06
8.900749098e-08
-1.723378566e-13
1.810695359e-06
1.432410232e-07
-1.636027599e-13
3.622873097e-06
1.327565209e-07
-2.3857086e-14
4.331259202e-06
7.720550622e-08
1.279041659e-13
4.546723349e-06
-4.464671277e-13
1.702211375e-13
4.588656765e-06
-7.720594611e-08
7.680158711e-14
4.588656763e-06
-1.327559972e-07
-6.255807559e-14
4.546723423e-06
-1.432399935e-07
-1.219556719e-13
4.3312594e-06
-8.900674898e-08
-8.155101206e-14
3.622873342e-06
-3.627833955e-14
1.810695312e-06
8.90075534e-08
-2.424370354e-08
1.81069535e-06
1.432411662e-07
-6.675135251e-08
3.622873059e-06
1.327566701e-07
-8.053815248e-08
4.331259162e-06
7.720553983e-08
-8.02844111e-08
4.546723358e-06
-5.422024441e-13
-7.720543498e-08
4.588656791e-06
-7.720607777e-08
-7.720542014e-08
4.588656795e-06
-1.327560508e-07
-8.028436398e-08
4.546723439e-06
-1.432399572e-07
-8.053810517e-08
4.331259401e-06
-8.900671271e-08
-6.675131141e-08
3.62287335e-06
-2.424369119e-08
1.810695309e-06
9.406255086e-08
-4.433143797e-08
1.789910514e-06
1.507033637e-07
-1.182853875e-07
3.580424159e-06
1.387103916e-07
-1.402612489e-07
4.285654315e-06
8.02845286e-08
-1.387097984e-07
4.503085276e-06
-5.284570175e-13
-1.327561162e-07
4.546723414e-06
-8.02850273e-08
-1.327559727e-07
4.546723436e-06
-1.387097676e-07
-1.387094867e-07
4.503085375e-06
-1.507021498e-07
-1.402610651e-07
4.28565457e-06
-9.406175141e-08
-1.182854582e-07
3.580424418e-06
-4.433161425e-08
1.789910455e-06
9.694799548e-08
-5.116321885e-08
1.700350159e-06
1.540760216e-07
-1.331700387e-07
3.394685978e-06
1.402618611e-07
-1.540753099e-07
4.071704119e-06
8.053824251e-08
-1.507027636e-07
4.285654372e-06
-4.040673416e-13
-1.432406572e-07
4.331259249e-06
-8.053860198e-08
-1.432404358e-07
4.331259314e-06
-1.402613409e-07
-1.507023292e-07
4.28565452e-06
-1.540750382e-07
-1.540750403e-07
4.071704342e-06
-9.694734178e-08
-1.331701479e-07
3.39468616e-06
-5.116350951e-08
1.700350071e-06
8.710467727e-08
-3.658398522e-08
1.42773851e-06
1.331707432e-07
-8.710422984e-08
2.823918027e-06
1.182859046e-07
-9.694764266e-08
3.394685935e-06
6.675135364e-08
-9.406233781e-08
3.580424126e-06
-2.127014299e-13
-8.900736463e-08
3.622873059e-06
-6.675152466e-08
-8.90071819e-08
3.622873144e-06
-1.182855473e-07
-9.406198139e-08
3.580424328e-06
-1.331701275e-07
-9.694742085e-08
3.394686136e-06
-8.710426599e-08
-8.710430433e-08
2.823918097e-06
-3.658417809e-08
1.427738406e-06
3.658433273e-08
7.614477909e-07
5.116369624e-08
1.427738404e-06
4.433172302e-08
1.700350019e-06
2.42436494e-08
1.789910354e-06
-4.250568691e-14
1.810695201e-06
-2.424368882e-08
1.81069524e-06
-4.433155761e-08
1.789910445e-06
-5.116344108e-08
1.70035009e-06
-3.65841456e-08
1.427738425e-06
7.614477186e-07
2.672146452e-08
2.672138169e-08
7.080048037e-07
3.763806403e-08
6.719786821e-08
1.349623858e-06
3.247314165e-08
7.59488277e-08
1.629566152e-06
1.765256868e-08
7.28192268e-08
1.731911891e-06
2.035891236e-14
6.76806843e-08
1.760667221e-06
-1.765252282e-08
6.768060485e-08
1.760667234e-06
-3.24730943e-08
7.281905698e-08
1.731911926e-06
-3.763804104e-08
7.594871524e-08
1.629566172e-06
-2.672144554e-08
6.719788558e-08
1.34962385e-06
2.672149827e-08
7.080047754e-07
6.719797768e-08
3.763793049e-08
1.349623911e-06
1.072675239e-07
1.072673423e-07
2.743778966e-06
9.760958698e-08
1.272044829e-07
3.353088282e-06
5.58779389e-08
1.239396009e-07
3.57103555e-06
-3.975871399e-14
1.163875875e-07
3.630044278e-06
-5.587795044e-08
1.163874413e-07
3.630044345e-06
-9.760946575e-08
1.239392915e-07
3.571035697e-06
-1.07267349e-07
1.272043047e-07
3.353088407e-06
-6.719782154e-08
1.072674303e-07
2.74377901e-06
3.763811576e-08
1.349623824e-06
7.594894806e-08
3.247296679e-08
1.629566256e-06
1.272046697e-07
9.760937268e-08
3.353088332e-06
1.193361328e-07
1.193360065e-07
4.087441114e-06
6.981689834e-08
1.181515816e-07
4.340961474e-06
-1.600915732e-13
1.121688386e-07
4.405294884e-06
-6.981704375e-08
1.121686524e-07
4.405294993e-06
-1.193358886e-07
1.181512134e-07
4.340961705e-06
-1.272042322e-07
1.193357834e-07
4.08744133e-06
-7.594864462e-08
9.760948465e-08
3.3530884e-06
3.247322141e-08
1.629566105e-06
7.281936961e-08
1.765233332e-08
1.731912052e-06
1.239398628e-07
5.587775351e-08
3.571035615e-06
1.181516972e-07
6.981690242e-08
4.340961463e-06
6.989739494e-08
6.989760435e-08
4.599593043e-06
-3.130086976e-13
6.683306012e-08
4.661956458e-06
-6.989770249e-08
6.683288556e-08
4.661956593e-06
-1.181513198e-07
6.989728293e-08
4.599593357e-06
-1.239391115e-07
6.981672991e-08
4.340961806e-06
-7.281886395e-08
5.587786972e-08
3.571035751e-06
1.765259436e-08
1.731911826e-06
6.768094328e-08
-1.730852346e-13
1.760667427e-06
1.163880453e-07
-1.679434381e-13
3.630044312e-06
1.121691492e-07
-2.882461653e-14
4.405294814e-06
6.683284545e-08
1.526002209e-13
4.661956356e-06
-4.685725708e-13
1.971443999e-13
4.722322177e-06
-6.683328127e-08
1.038963717e-13
4.722322371e-06
-1.121686279e-07
-4.931691067e-14
4.661956767e-06
-1.163870119e-07
-1.215375375e-13
4.405295257e-06
-6.768024476e-08
-8.526222087e-14
3.630044522e-06
-4.135401487e-14
1.760667161e-06
6.768100204e-08
-1.7652649e-08
1.760667472e-06
1.163881951e-07
-5.587802032e-08
3.630044307e-06
1.121693264e-07
-6.981694367e-08
4.405294775e-06
6.683289024e-08
-6.989739424e-08
4.661956284e-06
-5.616226584e-13
-6.683276505e-08
4.72232213e-06
-6.683342841e-08
-6.68327429e-08
4.722322333e-06
-1.121687011e-07
-6.989734047e-08
4.661956775e-06
-1.163869852e-07
-6.981688934e-08
4.405295295e-06
-6.768020598e-08
-5.587799417e-08
3.630044565e-06
-1.765265292e-08
1.760667171e-06
7.281955568e-08
-3.247304941e-08
1.731912219e-06
1.239402511e-07
-9.76094539e-08
3.571035644e-06
1.181521257e-07
-1.19335994e-07
4.340961379e-06
6.989752496e-08
-1.181515352e-07
4.59959289e-06
-5.416761424e-13
-1.121687912e-07
4.661956319e-06
-6.989803891e-08
-1.121686278e-07
4.661956532e-06
-1.181514986e-07
-1.181512026e-07
4.599593394e-06
-1.239390607e-07
-1.193358037e-07
4.340961905e-06
-7.281878308e-08
-9.760951152e-08
3.571035859e-06
-3.247323736e-08
1.73191189e-06
7.594916964e-08
-3.763783188e-08
1.629566467e-06
1.272051522e-07
-1.072672462e-07
3.353088407e-06
1.193366015e-07
-1.272044891e-07
4.087440996e-06
6.981702293e-08
-1.239397232e-07
4.340961259e-06
-3.943847594e-13
-1.163877456e-07
4.405294696e-06
-6.981739686e-08
-1.16387526e-07
4.405294897e-06
-1.193361036e-07
-1.239392457e-07
4.340961744e-06
-1.2720419e-07
-1.272041884e-07
4.087441448e-06
-7.594856237e-08
-1.07267362e-07
3.353088531e-06
-3.763810244e-08
1.62956616e-06
6.719816755e-08
-2.672127731e-08
1.349624109e-06
1.072678904e-07
-6.71977842e-08
2.743779045e-06
9.760993388e-08
-7.594885913e-08
3.353088201e-06
5.587802076e-08
-7.281939032e-08
3.571035347e-06
-1.948738745e-13
-6.76808875e-08
3.630044076e-06
-5.587817133e-08
-6.768069605e-08
3.630044232e-06
-9.760960843e-08
-7.281902144e-08
3.571035696e-06
-1.072673412e-07
-7.594863835e-08
3.353088496e-06
-6.719779596e-08
-6.719782043e-08
2.743779103e-06
-2.672146284e-08
1.349623872e-06
2.672156847e-08
7.080049509e-07
3.763825675e-08
1.349623952e-06
3.247330175e-08
1.629566134e-06
1.765259517e-08
1.731911799e-06
-1.964410705e-14
1.760667132e-06
-1.765260373e-08
1.760667171e-06
-3.247317565e-08
1.731911908e-06
-3.763803212e-08
1.629566212e-06
-2.672143459e-08
1.349623891e-06
7.080048216e-07
2.270909217e-08
2.270905957e-08
2.983738661e-08
5.524204455e-08
2.480324444e-08
6.115078746e-08
1.332336065e-08
5.613334469e-08
2.727675452e-14
5.013995031e-08
-1.332331698e-08
5.013989393e-08
-2.480321358e-08
5.613320791e-08
-2.983737467e-08
6.115068379e-08
-2.270909438e-08
5.524206509e-08
2.270912925e-08
5.524209883e-08
2.983731152e-08
8.700090502e-08
8.70007849e-08
7.995207964e-08
1.040390348e-07
4.635973617e-08
1.000162111e-07
-1.559894301e-14
9.228738316e-08
-4.635972372e-08
9.228727322e-08
-7.995198812e-08
1.000159527e-07
-8.700075995e-08
1.040388748e-07
-5.524201323e-08
8.700081968e-08
2.983740612e-08
6.115086434e-08
2.480313145e-08
1.04039155e-07
7.995191373e-08
1.000491341e-07
1.000490335e-07
5.976566367e-08
9.896826847e-08
-1.01450454e-13
9.315637373e-08
-5.976576893e-08
9.315621869e-08
-1.000489415e-07
9.89679656e-08
-1.040388314e-07
1.000488718e-07
-6.115064663e-08
7.995200267e-08
2.48033e-08
5.613344139e-08
1.332318972e-08
1.000163992e-07
4.635958358e-08
9.896834391e-08
5.976567225e-08
6.016700539e-08
6.016718454e-08
-2.360264772e-13
5.72947844e-08
-6.016723825e-08
5.729466471e-08
-9.896803733e-08
6.016692834e-08
-1.000158345e-07
5.97655403e-08
-5.613306486e-08
4.635969393e-08
1.332338572e-08
5.014015874e-08
-1.288123276e-13
9.228775197e-08
-1.440686328e-13
9.31565987e-08
-2.614139836e-14
5.72946109e-08
1.10876342e-13
-3.406915157e-13
1.689339166e-13
-5.729494765e-08
7.359862273e-14
-9.31561779e-08
-4.574351615e-14
-9.228695401e-08
-1.012147509e-13
-5.013962907e-08
-6.422458173e-14
-3.808454018e-14
5.014020114e-08
-1.332338841e-08
9.228788555e-08
-4.635977756e-08
9.315673658e-08
-5.976571375e-08
5.729466719e-08
-6.016700824e-08
-4.384476422e-13
-5.729454427e-08
-5.729506048e-08
-5.729451964e-08
-9.315623508e-08
-6.016696108e-08
-9.228693501e-08
-5.976566564e-08
-5.013960906e-08
-4.635977998e-08
-1.332340656e-08
5.613359161e-08
-2.480318287e-08
1.000167147e-07
-7.99519528e-08
9.896869408e-08
-1.000490331e-07
6.016712868e-08
-9.896824555e-08
-4.178733799e-13
-9.315634052e-08
-6.016750728e-08
-9.31561974e-08
-9.896818499e-08
-9.896795308e-08
-1.000157958e-07
-1.000488903e-07
-5.613301337e-08
-7.995202004e-08
-2.480330629e-08
6.115105935e-08
-2.983723086e-08
1.040395037e-07
-8.700071779e-08
1.00049495e-07
-1.040390285e-07
5.976579314e-08
-1.00016308e-07
-2.925817341e-13
-9.228753826e-08
-5.976603877e-08
-9.228736473e-08
-1.00049122e-07
-1.000159521e-07
-1.040387954e-07
-1.040387966e-07
-6.115059931e-08
-8.700077913e-08
-2.983740249e-08
5.524224344e-08
-2.270898263e-08
8.700115368e-08
-5.524197453e-08
7.995232072e-08
-6.115079666e-08
4.635981593e-08
-5.613345578e-08
-1.306082268e-13
-5.01401031e-08
-4.635989457e-08
-5.013996628e-08
-7.995208002e-08
-5.613317273e-08
-8.700076486e-08
-6.115062517e-08
-5.524199765e-08
-5.524200706e-08
-2.270907433e-08
2.270915746e-08
2.983747898e-08
2.480332384e-08
1.332339129e-08
-2.52347363e-15
-1.332335813e-08
-2.480325031e-08
-2.983737897e-08
-2.270906711e-08
)
;

boundaryField
{
    WALL
    {
        type            calculated;
        value           uniform 0;
    }
    INLET
    {
        type            calculated;
        value           nonuniform List<scalar> 
100
(
-3.109177667e-06
-3.109177648e-06
-3.10917764e-06
-3.109177636e-06
-3.109177634e-06
-3.109177634e-06
-3.109177636e-06
-3.10917764e-06
-3.109177648e-06
-3.109177667e-06
-3.109177648e-06
-3.109177629e-06
-3.10917762e-06
-3.109177617e-06
-3.109177615e-06
-3.109177615e-06
-3.109177617e-06
-3.10917762e-06
-3.109177629e-06
-3.109177648e-06
-3.10917764e-06
-3.10917762e-06
-3.109177612e-06
-3.109177608e-06
-3.109177606e-06
-3.109177606e-06
-3.109177608e-06
-3.109177612e-06
-3.10917762e-06
-3.10917764e-06
-3.109177636e-06
-3.109177617e-06
-3.109177608e-06
-3.109177604e-06
-3.109177602e-06
-3.109177602e-06
-3.109177604e-06
-3.109177608e-06
-3.109177617e-06
-3.109177636e-06
-3.109177634e-06
-3.109177615e-06
-3.109177606e-06
-3.109177602e-06
-3.109177601e-06
-3.109177601e-06
-3.109177602e-06
-3.109177606e-06
-3.109177615e-06
-3.109177634e-06
-3.109177634e-06
-3.109177615e-06
-3.109177606e-06
-3.109177602e-06
-3.109177601e-06
-3.109177601e-06
-3.109177602e-06
-3.109177606e-06
-3.109177615e-06
-3.109177634e-06
-3.109177636e-06
-3.109177617e-06
-3.109177608e-06
-3.109177604e-06
-3.109177602e-06
-3.109177602e-06
-3.109177604e-06
-3.109177608e-06
-3.109177617e-06
-3.109177636e-06
-3.10917764e-06
-3.10917762e-06
-3.109177612e-06
-3.109177608e-06
-3.109177606e-06
-3.109177606e-06
-3.109177608e-06
-3.109177612e-06
-3.10917762e-06
-3.10917764e-06
-3.109177648e-06
-3.109177629e-06
-3.10917762e-06
-3.109177617e-06
-3.109177615e-06
-3.109177615e-06
-3.109177617e-06
-3.10917762e-06
-3.109177629e-06
-3.109177648e-06
-3.109177667e-06
-3.109177648e-06
-3.10917764e-06
-3.109177636e-06
-3.109177634e-06
-3.109177634e-06
-3.109177636e-06
-3.10917764e-06
-3.109177648e-06
-3.109177667e-06
)
;
    }
    OUTLET
    {
        type            calculated;
        value           nonuniform List<scalar> 
100
(
6.62586659e-07
1.287253538e-06
1.573449608e-06
1.687258726e-06
1.723850992e-06
1.723851084e-06
1.68725898e-06
1.573449915e-06
1.287253746e-06
6.625867704e-07
1.287253509e-06
2.680261459e-06
3.317248934e-06
3.560745134e-06
3.634256744e-06
3.634256801e-06
3.560745262e-06
3.317249045e-06
2.680261532e-06
1.287253551e-06
1.573449511e-06
3.317248882e-06
4.095421045e-06
4.382292739e-06
4.464191477e-06
4.464191441e-06
4.382292653e-06
4.095420925e-06
3.317248776e-06
1.573449472e-06
1.687258558e-06
3.560745042e-06
4.382292763e-06
4.677195026e-06
4.757984788e-06
4.757984669e-06
4.677194748e-06
4.382292446e-06
3.560744797e-06
1.687258452e-06
1.723850698e-06
3.634256663e-06
4.464191621e-06
4.757984979e-06
4.836911213e-06
4.836911085e-06
4.757984675e-06
4.464191258e-06
3.634256388e-06
1.723850602e-06
1.723850692e-06
3.634256739e-06
4.464191774e-06
4.757985216e-06
4.836911521e-06
4.836911484e-06
4.757985057e-06
4.464191571e-06
3.63425659e-06
1.723850652e-06
1.687258553e-06
3.560745216e-06
4.382293128e-06
4.677195576e-06
4.757985512e-06
4.757985542e-06
4.677195621e-06
4.382293145e-06
3.560745255e-06
1.687258539e-06
1.573449483e-06
3.317249029e-06
4.095421366e-06
4.382293243e-06
4.464192129e-06
4.464192205e-06
4.382293406e-06
4.095421548e-06
3.317249148e-06
1.573449527e-06
1.287253475e-06
2.680261468e-06
3.317249019e-06
3.560745287e-06
3.63425692e-06
3.63425697e-06
3.560745416e-06
3.317249172e-06
2.680261596e-06
1.287253527e-06
6.625866063e-07
1.287253437e-06
1.573449432e-06
1.687258455e-06
1.723850574e-06
1.723850606e-06
1.687258496e-06
1.573449533e-06
1.287253522e-06
6.625866315e-07
)
;
    }
}


// ************************************************************************* //
